   0.0000000E+00   0.0000000E+00   0.0000000E+00   0.0000000E+00   0.0000000E+00   0.0000000E+00   0.0000000E+00
   2.2500000E+00  -1.3087622E-04  -1.8511456E-05   1.0126300E-04  -4.3176270E-03  -3.5592480E-03  -2.0148234E-03
   4.7000000E+00  -1.1741880E-04  -9.9900133E-06  -5.6324306E-07   9.6927355E-04   5.8107857E-04  -1.6771427E-03
   7.1500000E+00  -1.0877833E-04  -1.1847384E-04  -2.9733437E-05   2.0956250E-03  -1.6844064E-03  -3.1257358E-03
   9.6000000E+00  -2.5928531E-06   9.0946308E-06  -1.9225751E-04   6.0462874E-03  -2.7973755E-04   6.3445976E-04
   1.2050000E+01  -1.0869924E-04  -2.1064376E-05  -1.0838121E-04  -1.6867331E-03  -2.3109698E-04  -1.8659543E-03
   1.4500000E+01  -1.7509657E-03   1.2212716E-04  -7.0991252E-04   1.1382450E-02  -4.1494376E-02  -4.1340118E-02
   1.6950000E+01  -5.7725812E-05   1.0353243E-04   4.1138669E-05  -1.0615721E-03  -1.5372102E-03  -1.2492338E-03
   1.9400000E+01  -3.0356465E-04  -2.2405694E-04   3.4186326E-04  -4.8266754E-03   2.8610194E-04  -5.7856184E-03
   2.1850000E+01  -1.2146861E-04   1.3946122E-04   8.2689896E-05  -2.8847143E-03  -1.5199605E-03  -2.5098614E-03
   2.4300000E+01  -6.6097945E-04  -2.3025723E-04  -4.6430888E-05   4.7165346E-03   1.8560105E-03  -1.2894461E-02
   2.6750000E+01  -5.5683111E-05   5.8943937E-05   2.4995850E-05  -6.7167914E-04  -9.7691933E-04  -1.5387714E-03
   2.9200000E+01  -4.0077734E-04   1.9634095E-04   1.8827729E-07   5.0786664E-04   9.1956162E-04  -8.2500413E-03
   3.1650000E+01  -2.2943799E-04  -1.7313766E-04   1.2722952E-05  -2.3589543E-04  -1.2076790E-03  -4.5135841E-03
   3.4100000E+01   1.0965750E-04   2.7650108E-05   1.6532003E-04  -2.1630277E-03  -1.7467208E-03   1.8552109E-03
   3.6550000E+01  -4.8864369E-05   5.4444955E-05   7.9928633E-05  -1.0500726E-03  -6.6450327E-04  -9.9505954E-04
   3.9000000E+01  -1.4424976E-04  -1.0560600E-04   3.5806839E-06   2.9196857E-04  -1.7256221E-03  -2.6571296E-03
   4.1450000E+01   1.2861783E-04  -7.2766252E-05   4.5664902E-05   1.5767023E-03  -2.3089417E-03   2.1673485E-03
   4.3900000E+01   5.4188694E-05   4.5312955E-05  -3.7070633E-05   3.8451255E-03  -4.2911118E-04   1.0593908E-03
   4.6350000E+01   1.8227123E-04  -3.1414092E-05  -1.0800714E-04   2.9879991E-03   5.1165905E-03   5.2172499E-03
   4.8800000E+01  -1.3240683E-04  -4.3740844E-05  -9.8649628E-05   3.3859851E-03  -3.4555624E-03  -3.8782463E-03
   5.1250000E+01  -2.5170586E-04   7.6002296E-05  -2.5889431E-05   3.8223688E-03  -2.6373795E-03  -6.4186719E-03
   5.3700000E+01  -1.2352224E-05  -9.0142172E-05  -6.2833241E-05  -1.8221185E-03  -1.0352443E-03  -7.9492855E-04
   5.6150000E+01  -1.9761061E-04   1.3015110E-04  -4.5240065E-05   2.6677732E-03  -3.0811328E-03  -5.5377063E-03
   5.8600000E+01  -1.6195021E-04  -8.6009615E-05  -6.0747836E-04   1.5511996E-02  -4.7822097E-03  -5.1774879E-03
   6.1050000E+01   3.2879103E-05  -1.4964087E-04  -1.4589118E-04  -1.7332825E-03   2.8200360E-03   2.1687916E-03
   6.3500000E+01  -9.5236111E-05   1.0909766E-05   4.3005707E-04  -1.1134705E-02  -4.3663198E-03  -1.9720931E-03
   6.5950000E+01  -3.9931835E-04   2.0249693E-05  -1.0681468E-04   3.1060904E-03  -4.5149589E-04  -7.2798964E-03
   6.8400000E+01  -5.9178368E-05   1.5836033E-05  -4.8216961E-05  -4.8874066E-04  -2.1331174E-03  -9.1717899E-04
   7.0850000E+01  -7.9929859E-04   1.5397039E-04  -1.8326314E-03   4.0241341E-02  -8.7714762E-03  -1.6855713E-02
   7.3300000E+01  -9.9533909E-04   1.2396497E-04  -9.1955339E-04   1.9045510E-02  -1.4951808E-02  -2.2190721E-02
   7.5750000E+01   9.4271432E-04  -8.5032657E-05   4.3607644E-04  -2.0166442E-02   6.5839072E-03   2.5545847E-02
   7.8200000E+01  -1.5029552E-04  -6.0763680E-04   1.0759598E-04  -1.1806337E-02   4.8147868E-03  -1.0384767E-03
   8.0650000E+01  -1.3649809E-04  -7.9004424E-05   3.9300483E-04  -2.4867863E-04  -3.1621787E-03  -3.7957310E-03
   8.3100000E+01  -4.0749106E-04   2.9725430E-04  -3.2728136E-04   8.9370995E-03  -8.4846909E-03  -1.0628246E-02
   8.5550000E+01  -2.3911871E-04   2.8663418E-04  -3.3666127E-04   5.6982342E-03  -2.4223215E-03  -6.2611280E-03
   8.8000000E+01  -1.8225810E-04   1.7537602E-05   2.8231874E-05   1.9522413E-03  -1.5511928E-03  -4.8429999E-03
   9.0450000E+01  -2.8675907E-04   8.4145360E-05  -2.2174846E-04   6.0081836E-03  -1.7418001E-03  -6.2787608E-03
   9.2900000E+01  -1.8838535E-04   6.6326386E-05  -2.0718499E-04   3.3446134E-03  -1.8089778E-03  -3.8389416E-03
   9.5350000E+01  -2.9838149E-04  -3.3723732E-05  -2.4781244E-05   1.4947856E-03  -1.0838423E-03  -5.9201330E-03
   9.7800000E+01  -3.8834610E-04   1.5501675E-04  -1.7098706E-04   3.5173676E-03  -2.0563739E-03  -8.5259805E-03
   1.0025000E+02  -1.4898785E-04  -9.6923652E-05  -3.0783098E-04   3.7423686E-03  -1.4784118E-03  -3.5138362E-03
   1.0270000E+02  -9.0141580E-05  -2.9689684E-05   4.9107526E-05  -7.5119661E-04  -2.6162293E-03  -2.1943518E-03
   1.0515000E+02  -3.0694867E-04   9.7909897E-05   7.8181786E-06  -1.0587068E-03   1.2547327E-03  -6.2388653E-03
   1.0760000E+02   1.2155277E-04  -5.7332659E-05  -6.4646584E-05   5.1612240E-04  -3.0380167E-03   1.9917964E-03
   1.1005000E+02  -8.9728859E-05  -1.9229471E-05   5.2484197E-05   5.6450389E-04  -5.9208617E-04  -2.1912207E-03
   1.1250000E+02  -2.2106846E-04   1.9071316E-04  -1.5340314E-04   4.1687845E-03  -9.1107975E-04  -5.4151864E-03
   1.1495000E+02  -3.2322353E-04   4.8236339E-05  -8.4450309E-05   3.0283993E-03  -1.0820047E-03  -6.9390516E-03
   1.1740000E+02  -3.9794813E-04   1.8378807E-04  -3.1865745E-04   6.5240406E-03  -1.0406412E-03  -7.9405694E-03
   1.1985000E+02  -1.6330558E-04  -2.7366992E-04  -1.0903147E-04   5.1455962E-03  -9.8106233E-04  -2.9838734E-03
   1.2230000E+02  -7.5490364E-04  -1.3571800E-04   8.6258864E-04  -2.1261246E-02   1.1326910E-02  -1.2721888E-02
   1.2475000E+02   4.8476849E-05   1.2815886E-04   3.3530476E-04  -6.7923352E-03  -3.0710228E-03   2.4707043E-04
   1.2720000E+02  -8.5167774E-04   8.1465432E-08  -7.1762144E-04   1.6239113E-02  -9.4166139E-03  -1.9716815E-02
   1.2965000E+02  -4.0209094E-04   5.5513117E-05  -1.1496610E-05  -2.8477306E-04  -4.3393357E-03  -8.6605224E-03
   1.3210000E+02  -1.5097525E-03   1.0197398E-04  -5.7497316E-04   1.0081329E-02  -2.0302877E-02  -3.4910922E-02
   1.3455000E+02  -4.2777463E-05  -8.4496227E-05   1.9816478E-04  -2.3532575E-03  -1.2044636E-03  -1.0849907E-03
   1.3700000E+02  -5.9970709E-04   1.3420258E-04  -3.6913678E-04   5.3280636E-03  -3.6367073E-03  -1.2505943E-02
   1.3945000E+02  -1.9166691E-04  -2.2615256E-04  -2.0713061E-04   4.3109788E-03  -3.1080003E-03  -3.9205893E-03
   1.4190000E+02  -3.9203237E-04   1.0324672E-04  -1.4711201E-04   3.7728204E-03  -3.1005115E-03  -8.2112801E-03
   1.4435000E+02  -1.7698357E-04  -2.3383697E-06  -1.6417147E-04   3.7245047E-03  -1.0125481E-03  -3.5497051E-03
   1.4680000E+02   1.5890313E-05  -7.4209657E-05   1.5862132E-04  -2.9091865E-03  -1.5342448E-04   7.0647258E-04
   1.4925000E+02  -1.0348342E-04  -1.5779779E-04  -1.7207145E-04   4.2361567E-03  -2.1748179E-03  -1.9779569E-03
   1.5170000E+02   4.5790052E-04  -5.1696011E-06  -9.8771344E-06   3.7091670E-03  -3.1911890E-04   1.0008741E-02
   1.5415000E+02  -8.6897189E-05   2.0116610E-05  -7.1586068E-05   1.2855225E-03  -1.3551348E-04  -1.6357125E-03
   1.5660000E+02  -1.9274045E-04   2.9685398E-05  -1.4970636E-04   4.2466717E-03  -2.7087283E-03  -4.4720327E-03
   1.5905000E+02   2.0703836E-04  -1.0386985E-04  -2.0909703E-04   5.6519621E-03   8.7886604E-04   3.5900765E-03
   1.6150000E+02  -7.1070884E-05   7.8310856E-05  -6.3554777E-04   2.0114638E-02   6.7904993E-03   3.8964136E-04
   1.6395000E+02   3.9317650E-05  -3.3994008E-04   8.5520126E-04  -1.8527306E-02  -1.5213130E-02  -2.4156755E-03
   1.6640000E+02   7.0186949E-05  -4.3825407E-06   1.2786073E-03  -3.3792280E-02  -6.1117150E-03   1.2790073E-03
   1.6885000E+02   4.2805742E-04  -2.0597922E-05  -1.0676033E-03   3.1243951E-02   9.2947392E-03   9.9602761E-03
   1.7130000E+02   4.5384392E-05   2.8428971E-04  -8.4323365E-04   1.1658096E-02   9.3258089E-03   7.3553149E-03
   1.7375000E+02  -3.1297028E-04  -1.7283917E-05   2.4340970E-05  -2.1096549E-02  -5.9190463E-03  -4.5216060E-03
   1.7620000E+02   2.6774494E-03  -3.5213463E-04  -9.1637833E-04   8.9051468E-03   4.0160715E-02   6.8646471E-02
   1.7865000E+02  -2.0691613E-03  -9.6661662E-05  -2.2438092E-03  -1.1135235E-02   4.5167410E-03  -3.3708890E-02
   1.8110000E+02  -4.3147917E-04  -5.6498440E-04   1.9133245E-04  -9.5342611E-03  -9.1195034E-03  -1.0431673E-02
   1.8355000E+02   5.5208485E-04  -1.8915294E-04   8.2585291E-04  -3.4080280E-03   2.1569590E-02   5.7614011E-03
   1.8600000E+02   3.4572293E-04  -4.0882060E-05  -6.3345506E-04   3.0951861E-02  -1.5159151E-02   8.8424111E-03
   1.8845000E+02  -1.4729792E-03   1.2301025E-04   1.1553977E-03  -1.0173150E-02  -1.2163214E-02  -4.1308405E-02
   1.9090000E+02  -6.2578113E-04  -1.5089307E-04   1.4821864E-03  -9.3789092E-03  -2.7170092E-02  -1.2321606E-02
   1.9335000E+02   3.0019742E-04   1.2337020E-03  -1.5371661E-03   3.9331276E-05   3.6229726E-03   9.1537620E-03
   1.9580000E+02  -4.8065220E-04  -2.4897490E-04  -9.3958410E-04   1.4729238E-02   1.3315062E-02  -9.7895006E-03
   1.9825000E+02  -1.1205718E-03   1.4737711E-05  -2.3517655E-04   7.4956578E-03  -4.0717216E-02  -2.6175007E-02
   2.0070000E+02   9.4266072E-04  -7.2418529E-04   3.5714526E-03  -3.4391712E-02   3.6674427E-02   1.1042125E-02
   2.0315000E+02  -8.3097171E-04   1.3699803E-03  -1.0415037E-03   1.5410161E-02   9.7211269E-03  -1.1817582E-02
   2.0560000E+02  -9.0051509E-04  -6.4159222E-04  -3.1422596E-03   4.8748682E-02  -4.6934844E-02  -2.0719229E-02
   2.0805000E+02   1.3706748E-03  -1.0004616E-04  -2.3564122E-04   1.5993322E-02   4.6599471E-02   2.8223503E-02
   2.1050000E+02  -9.4811886E-04  -5.0976763E-04  -7.5078098E-04  -2.8157542E-02  -5.2350450E-02  -2.2634295E-02
   2.1295000E+02  -1.7381235E-03  -3.7514501E-04  -2.6727152E-03   8.1782102E-04  -3.4817913E-02  -2.4692124E-02
   2.1540000E+02  -1.6889064E-03  -3.4140305E-04   1.7557810E-03  -2.7899859E-02  -6.0746921E-03  -3.6679391E-02
   2.1785000E+02  -3.8739537E-04  -5.3387423E-04  -2.9219841E-03   6.2834864E-02  -8.4189068E-03  -1.2271977E-02
   2.2030000E+02   3.5685190E-03  -3.5092618E-04   2.6230796E-03   1.0697524E-02   5.0846173E-02   6.8095072E-02
   2.2275000E+02  -3.4527295E-03   1.4719495E-03   8.2965908E-04  -3.0454315E-02  -7.3662280E-02  -8.0960512E-02
   2.2520000E+02  -5.7017389E-04  -1.7451558E-04  -1.5133513E-03   2.4544177E-02  -1.2779271E-02  -9.5877463E-03
   2.2765000E+02  -2.8038153E-04   1.0318440E-03  -1.7491546E-03  -1.7027526E-03   3.0031307E-04  -1.0205638E-03
   2.3010000E+02  -4.4587742E-04  -2.8944139E-04   1.3634059E-03  -6.5591961E-03  -1.1836658E-02  -2.0116652E-02
   2.3255000E+02  -3.3635497E-04   5.0589244E-04  -5.9303421E-04   1.6287380E-02  -1.2646363E-02  -8.1419539E-03
   2.3500000E+02   1.3019243E-03  -5.7322698E-04   1.4925539E-03  -6.1908164E-03   2.4203011E-02   2.5813066E-02
   2.3745000E+02   6.1008988E-04   4.0450007E-04  -2.1747603E-03   1.4252762E-02   1.2859954E-02   2.2453744E-02
   2.3990000E+02  -2.6864411E-03  -4.7667132E-04   6.7928533E-04  -2.6863302E-02  -4.6298985E-02  -5.4848837E-02
   2.4235000E+02   1.1456410E-03  -8.7211671E-04   2.1691354E-03  -2.4707399E-02   1.6912824E-02   2.9607879E-02
   2.4480000E+02   6.1741248E-04   3.8321430E-04   5.8454517E-05   1.3735982E-02   9.7150280E-03   9.6503387E-03
   2.4725000E+02  -1.5455371E-04   2.2346676E-04   3.0777433E-04  -1.1025843E-02  -1.4710894E-02   3.3534850E-04
   2.4970000E+02   4.1183972E-04  -6.0800592E-05   1.8575018E-04   2.4233223E-02   7.0713172E-03   4.6766225E-03
   2.5215000E+02   4.2056377E-04   8.7580957E-04  -7.8211416E-04   1.2449019E-02  -8.6248336E-03   5.0225315E-03
   2.5460000E+02  -5.1262982E-04   4.8422766E-05  -1.5243820E-03   6.6807961E-03  -7.9245062E-03  -8.3595996E-03
   2.5705000E+02  -1.3492750E-03   3.6571537E-04   1.6215255E-03  -6.6825176E-02   2.7378988E-03  -2.2991553E-02
   2.5950000E+02  -2.6063393E-05  -1.3444361E-03  -2.9325760E-03   3.0493891E-02  -2.3147261E-02  -2.7654075E-03
   2.6195000E+02   2.5341078E-03  -6.8139153E-04   3.8257501E-03   3.9520421E-02   9.7477824E-02   6.1129500E-02
   2.6440000E+02  -3.3434556E-04   1.1993476E-03  -4.6362901E-05  -1.0658713E-02  -3.6981316E-02  -1.4276460E-02
   2.6685000E+02   6.1715153E-04   1.6964082E-05  -6.1903934E-04   1.3817487E-02   1.2591713E-02   9.0284875E-03
   2.6930000E+02  -2.4537888E-03   4.4200773E-04  -7.4120846E-04  -4.6756464E-03  -7.6321485E-02  -6.1719682E-02
   2.7175000E+02   8.9373985E-04  -2.6968607E-04   7.0498311E-05   2.0799139E-02   2.3260755E-02   2.1577073E-02
   2.7420000E+02   2.2906869E-03   1.6815175E-04   1.5855519E-03  -2.4373210E-02   8.3682551E-02   6.0933840E-02
   2.7665000E+02  -4.1561188E-03   2.5646470E-04   3.2679080E-04  -1.2132731E-02  -4.2542119E-02  -9.1537156E-02
   2.7910000E+02   1.1280989E-03   2.1191246E-04  -4.7348103E-04   6.3342308E-03   1.2537213E-02   2.8156632E-02
   2.8155000E+02   3.8015564E-04   4.2723149E-04  -1.1257292E-03   4.1414040E-03   1.4604287E-03   1.1886372E-02
   2.8400000E+02   7.1868338E-05  -8.6845968E-04   1.1010574E-03  -1.6340088E-02  -9.9496698E-03  -3.7439821E-03
   2.8645000E+02  -2.9838045E-04  -1.8591952E-04   2.2004629E-03  -3.4778397E-02  -3.6820376E-03  -1.0304318E-02
   2.8890000E+02  -1.6055967E-03   6.7872392E-04  -2.7520912E-03   5.9001052E-02   1.6415797E-02  -3.0980597E-02
   2.9135000E+02   3.4822880E-04  -2.9840986E-04  -1.0219423E-03   1.6291145E-02  -3.7162058E-02   3.0107788E-03
   2.9380000E+02  -1.4298637E-05   5.0546445E-04  -4.7874178E-05  -7.5866513E-03   2.5611800E-02   8.5123296E-03
   2.9625000E+02   1.1436799E-04  -1.7102603E-04  -4.6699591E-04   7.5205600E-03   2.2044345E-02   5.4435930E-03
   2.9870000E+02  -3.5951780E-04   5.0427568E-04  -2.4576883E-03  -5.2830431E-03   3.6553682E-03  -3.7003230E-04
   3.0115000E+02  -3.8827925E-04  -2.0593255E-03  -6.6209879E-04   8.9264687E-03  -1.2752165E-02  -1.2118680E-02
   3.0360000E+02  -1.0429898E-03  -4.1344708E-04   2.5361209E-04  -1.7472586E-02  -1.8993305E-02  -1.7813634E-02
   3.0605000E+02   5.4545215E-04  -4.6118960E-04   1.4444987E-03   1.6120632E-02   2.3484733E-03   9.9534313E-04
   3.0850000E+02  -6.0476638E-04   5.4081120E-04  -6.2827408E-04  -6.8158425E-03   1.2535775E-04   2.3736562E-03
   3.1095000E+02  -8.9823812E-05   4.2385141E-04  -7.6115235E-04   4.2751835E-02  -8.2989396E-03  -7.7402664E-03
   3.1340000E+02  -3.5462563E-04   2.0116059E-04   1.4110103E-04   1.7784221E-03  -2.0823965E-02  -8.9853833E-03
   3.1585000E+02   6.2214504E-04  -3.1471297E-04   3.6454496E-03  -1.1095141E-02   1.3045074E-03  -2.8763632E-03
   3.1830000E+02  -3.7311479E-05   1.2929936E-03  -1.6971653E-03   2.6387395E-02   5.0648156E-02   1.0668217E-02
   3.2075000E+02   1.0172240E-03   4.1504115E-04  -4.9057983E-03   9.3361863E-02   6.2264297E-02   4.2832335E-02
   3.2320000E+02  -7.1137070E-04   2.4502297E-04  -2.1518728E-03   8.3522332E-03  -2.4347586E-02  -1.4036096E-02
   3.2565000E+02   7.4232209E-04  -8.7506510E-04   3.6172203E-03  -7.1962756E-02  -2.6074867E-02   9.5377925E-03
   3.2810000E+02  -4.7852608E-04   1.9273855E-04  -3.0100639E-03   2.7556036E-02  -1.3571809E-03   1.2615489E-03
   3.3055000E+02  -5.7825890E-04  -8.8970624E-04  -2.5014059E-03   1.3425296E-02   1.1018482E-02  -6.7280916E-03
   3.3300000E+02  -1.7416193E-03  -1.6856970E-03   1.3574686E-03  -3.3794583E-02  -4.7793848E-02  -3.8434993E-02
   3.3545000E+02  -7.5667582E-04  -1.6370630E-04  -2.0514910E-03   4.8154662E-02  -2.8923999E-02  -1.9842218E-02
   3.3790000E+02   6.9469507E-05  -3.0612614E-04   1.4150582E-03  -9.3464906E-03  -1.0422867E-03  -5.9368849E-03
   3.4035000E+02   1.8249356E-05   7.3006521E-04   1.3314924E-03  -1.2754969E-02  -8.6046782E-03  -3.0758500E-03
   3.4280000E+02  -1.6585864E-03   1.0451152E-03  -1.6032434E-03   2.3193789E-02  -2.0093391E-02  -3.5875105E-02
   3.4525000E+02   1.8669248E-04   1.1649467E-03  -1.3572868E-03   2.2565242E-02  -7.5268027E-03   1.2768118E-03
   3.4770000E+02   2.2438527E-03  -1.4934769E-03   1.6758756E-03   9.5579505E-03   3.6399063E-02   4.2222655E-02
   3.5015000E+02  -1.5305213E-03   1.9030518E-03  -4.0658279E-03   3.2094856E-03  -1.1589396E-02  -1.4270780E-02
   3.5260000E+02  -1.1947525E-04  -1.2858635E-03   3.4927776E-03  -3.6821260E-02  -6.4695773E-03   1.8262194E-03
   3.5505000E+02   1.0751266E-04   6.2445334E-05   2.1924354E-03  -6.8706252E-03  -2.5075325E-03  -2.1161337E-02
   3.5750000E+02  -2.7272789E-04  -8.2974821E-04   1.5249049E-03   1.1039293E-02  -6.1794496E-03   3.1521545E-04
   3.5995000E+02   2.5679568E-03   7.1702177E-04   1.3734587E-03  -1.9241704E-02   4.0892159E-02   6.7522431E-02
   3.6240000E+02  -4.9092145E-04   1.2647314E-03  -1.4305125E-03   3.3346298E-02   4.0389886E-02  -2.1956095E-03
   3.6485000E+02  -1.4896698E-03  -8.7110790E-04  -3.3651110E-03   1.1329105E-02  -5.6335737E-02  -2.9630628E-02
